654
1130
1204
181
3395
2571
6572
2648
571
571
982
982
2008
2328
2858
4112
4112
4882
621
621
829
890
890
1193
1193
1331
1521
1558
1558
1780
2409
2522
2697
2697
2790
2790
3601
3601
4153
4153
118
118
296
654
1130
1204
181
3395
2571
782
782
825
1218
1218
1232
1232
1256
1256
1481
1481
1488
1488
1679
1893
1901
2436
2436
2532
2532
2646
2753
3119
3119
3144
3144
3357
3357
3462
3666
3711
3711
3910
4279
4369
4550
4550
261
261
654
1130
1204
181
3395
2571
378
378
441
441
736
736
884
897
989
1099
1099
1334
1534
1534
1811
1811
2445
2445
2474
2474
2587
2587
2649
2649
2719
2719
3063
4041
4041
4210
4310
4389
4389
4416
4416
4818
4818
5006
5006
5792
5792
157
157
654
1130
1204
181
3395
2571
679
679
698
698
899
991
991
1146
1152
1152
1316
1316
1318
1318
1356
1356
1949
1949
2100
2100
2278
2300
2300
2783
2849
3339
3339
3533
3533
3956
4008
4107
4352
4493
4554
4643
4643
35
35
654
1130
1204
181
3395
2571
47
177
177
246
398
398
552
563
563
755
755
822
822
961
961
1046
1308
1308
1444
1444
1560
1560
1582
1582
1682
1682
1731
1777
1777
1889
1889
1914
1979
2055
2242
2242
2385
2385
2563
2563
2740
2740
654
1130
1204
181
3395
2571
2999
2999
3239
3460
3460
4202
4202
4614
4614
4682
4682
4687
4687
5023
5023
96
96
141
141
283
283
483
483
562
562
2281
2712
2712
2970
2970
3077
3914
3914
4361
4733
4733
4988
4988
6023
607
607
665
665
858
654
1130
1204
181
3395
2571
1383
1383
1545
1545
1815
1815
2023
2425
2830
2830
4461
4461
4526
4526
5043
30
30
63
63
93
377
377
851
851
971
971
1884
1884
3036
3036
4496
249
249
486
486
814
814
1613
1613
2406
3425
3651
3651
654
1130
1204
181
3395
2571
3928
3928
4223
4780
4786
4786
5021
5021
8081
1120
2576
2576
2951
2951
3127
3127
3180
3180
3459
3459
3594
3594
3903
3903
3960
5396
727
727
761
761
949
949
3066
3066
3771
3771
3791
3791
4111
4111
4967
5170
5170
654
1130
1204
181
3395
2571
7637
146
146
500
500
1243
1243
1264
1264
1394
1911
4179
4179
5052
5052
5077
5654
5739
1629
1713
3248
4110
4110
5112
5112
5667
1310
1310
2224
2224
2351
2351
3616
3616
4852
4852
1371
1899
1899
654
1130
1204
181
3395
2571
5763
1457
1457
2196
2196
2404
3143
3143
4607
1928
1928
2313
2313
2526
2526
3768
3768
4059
4059
935
935
1791
1791
3323
3323
376
376
489
489
1923
3359
3359
332
969
2252
3544
3544
4470
2771
2771
4568
4568
654
1130
1204
181
3395
2571
5467
5467
1707
1707
3670
3670
4649
4649
5017
5017
6001
6596
6596
778
778
926
2661
4378
4378
5383
6074
603
947
2501
2593
3317
3317
4482
453
453
3448
3625
3625
5183
5193
5292
654
1130
1204
181
3395
2571
5309
5300
5845
5987
5987
6036
6068
6068
6094
6094
6031
6060
6145
6176
6223
6228
6238
6238
6537
6691
6221
6539
6539
6546
6568
6581
6613
6641
6689
6689
6692
6692
654
1130
1204
181
3395
2571
6725
6725
6787
6833
6838
6876
6928
6928
6942
6806
6981
7017
7047
7167
7151
7247
7247
7281
7282
7370
7398
7464
7453
7453
7477
7545
7834
7598
7614
654
1130
1204
181
3395
2571
7923
7925
7963
7963
7969
7232
7283
10
7928
8139
8223
8269
8028
7849
7991
8085
8197
8294
8441
8479
8495
8663
